# name: debug
# type: sparse matrix
# nnz: 2952
# rows: 72
# columns: 72

1 1 360
2 1 2.80331314e-15
3 1 -1.11022302e-16
4 1 -8.8817842e-16
5 1 2334.7222
6 1 143.714546
7 1 -17.3953018
8 1 9.84272785
9 1 -0.724005418
10 1 0
11 1 0
12 1 0
25 1 -34.7271009
26 1 -19.8416031
27 1 -0.582448607
28 1 0
29 1 0
30 1 0
31 1 -34.7271009
32 1 -19.8416031
33 1 -0.582448607
34 1 0
35 1 0
36 1 0
37 1 -34.7271009
38 1 -19.8416031
39 1 -0.582448607
40 1 0
41 1 0
42 1 0
43 1 -34.7271009
44 1 -19.8416031
45 1 -0.582448607
46 1 0
47 1 0
48 1 0
49 1 -34.7271009
50 1 -19.8416031
51 1 -0.582448607
52 1 0
53 1 0
54 1 0
55 1 -34.7271009
56 1 -19.8416031
57 1 -0.582448607
58 1 0
59 1 0
60 1 0
61 1 -34.7271009
62 1 -19.8416031
63 1 -0.582448607
64 1 0
65 1 0
66 1 0
67 1 -34.7271009
68 1 -19.8416031
69 1 -0.582448607
70 1 0
71 1 0
72 1 0
1 2 2.80331314e-15
2 2 360
3 2 -1.66533454e-16
4 2 -2334.7222
5 2 -7.21644966e-16
6 2 10276.993
7 2 -9.84133512
8 2 -17.4096497
9 2 -0.228519353
10 2 0
11 2 0
12 2 0
25 2 19.8091767
26 2 -34.7158703
27 2 1.55076432
28 2 0
29 2 0
30 2 0
31 2 19.8091767
32 2 -34.7158703
33 2 1.55076432
34 2 0
35 2 0
36 2 0
37 2 19.8091767
38 2 -34.7158703
39 2 1.55076432
40 2 0
41 2 0
42 2 0
43 2 19.8091767
44 2 -34.7158703
45 2 1.55076432
46 2 0
47 2 0
48 2 0
49 2 19.8091767
50 2 -34.7158703
51 2 1.55076432
52 2 0
53 2 0
54 2 0
55 2 19.8091767
56 2 -34.7158703
57 2 1.55076432
58 2 0
59 2 0
60 2 0
61 2 19.8091767
62 2 -34.7158703
63 2 1.55076432
64 2 0
65 2 0
66 2 0
67 2 19.8091767
68 2 -34.7158703
69 2 1.55076432
70 2 0
71 2 0
72 2 0
1 3 -1.11022302e-16
2 3 -1.66533454e-16
3 3 360
4 3 -143.714546
5 3 -10276.993
6 3 -8.8817842e-16
7 3 0.742696725
8 3 -0.157500842
9 3 -19.9855847
10 3 0
11 3 0
12 3 0
25 3 1.27474651
26 3 -1.05789304
27 3 -39.9656838
28 3 0
29 3 0
30 3 0
31 3 1.27474651
32 3 -1.05789304
33 3 -39.9656838
34 3 0
35 3 0
36 3 0
37 3 1.27474651
38 3 -1.05789304
39 3 -39.9656838
40 3 0
41 3 0
42 3 0
43 3 1.27474651
44 3 -1.05789304
45 3 -39.9656838
46 3 0
47 3 0
48 3 0
49 3 1.27474651
50 3 -1.05789304
51 3 -39.9656838
52 3 0
53 3 0
54 3 0
55 3 1.27474651
56 3 -1.05789304
57 3 -39.9656838
58 3 0
59 3 0
60 3 0
61 3 1.27474651
62 3 -1.05789304
63 3 -39.9656838
64 3 0
65 3 0
66 3 0
67 3 1.27474651
68 3 -1.05789304
69 3 -39.9656838
70 3 0
71 3 0
72 3 0
1 4 -8.8817842e-16
2 4 -2334.7222
3 4 -143.714546
4 4 58203.6126
5 4 -1033.15771
6 4 -75104.0024
7 4 0.427806245
8 4 13.1097649
9 4 167.946297
10 4 -17.3953018
11 4 9.84272785
12 4 -0.724005418
25 4 -298.863453
26 4 536.048675
27 4 -441.933845
28 4 0
29 4 0
30 4 0
31 4 -295.142391
32 4 513.889738
33 4 91.0696562
34 4 0
35 4 0
36 4 0
37 4 8.11394911
38 4 -17.5139852
39 4 112.853928
40 4 0
41 4 0
42 4 0
43 4 19.3062189
44 4 -20.5526592
45 4 -450.943313
46 4 0
47 4 0
48 4 0
49 4 -294.013969
50 4 518.464251
51 4 -132.044436
52 4 0
53 4 0
54 4 0
55 4 -307.763355
56 4 526.143382
57 4 426.133637
58 4 0
59 4 0
60 4 0
61 4 0.108201065
62 4 -12.4660103
63 4 418.213925
64 4 0
65 4 0
66 4 0
67 4 19.5088842
68 4 -30.1079719
69 4 -137.516961
70 4 0
71 4 0
72 4 0
1 5 2334.7222
2 5 -7.21644966e-16
3 5 -10276.993
4 5 -1033.15771
5 5 388809.411
6 5 98.7015318
7 5 -10.8953102
8 5 6.4770244
9 5 -24.2357031
10 5 -9.84133512
11 5 -17.4096497
12 5 -0.228519353
25 5 -584.499076
26 5 -281.800659
27 5 1157.80996
28 5 0
29 5 0
30 5 0
31 5 -538.321245
32 5 -269.346889
33 5 846.736683
34 5 0
35 5 0
36 5 0
37 5 -6.21735217
38 5 33.8622492
39 5 837.469668
40 5 0
41 5 0
42 5 0
43 5 -28.813207
44 5 35.9746442
45 5 1173.39364
46 5 0
47 5 0
48 5 0
49 5 -576.695724
50 5 -252.173402
51 5 1721.37594
52 5 0
53 5 0
54 5 0
55 5 -559.912017
56 5 -256.167453
57 5 1417.57196
58 5 0
59 5 0
60 5 0
61 5 -20.6870901
62 5 50.1194725
63 5 1386.24245
64 5 0
65 5 0
66 5 0
67 5 -28.3226985
68 5 60.5607132
69 5 1717.51902
70 5 0
71 5 0
72 5 0
1 6 143.714546
2 6 10276.993
3 6 -8.8817842e-16
4 6 -75104.0024
5 6 98.7015318
6 6 374049.189
7 6 -134.351716
8 6 103.320857
9 6 -5.80697055
10 6 0.742696725
11 6 -0.157500842
12 6 -19.9855847
25 6 941.194325
26 6 -806.423631
27 6 51.3664207
28 6 0
29 6 0
30 6 0
31 6 324.975242
32 6 -799.499148
33 6 31.5281891
34 6 0
35 6 0
36 6 0
37 6 317.658887
38 6 -782.73689
39 6 30.8511289
40 6 0
41 6 0
42 6 0
43 6 973.695486
44 6 -795.064662
45 6 52.1024062
46 6 0
47 6 0
48 6 0
49 6 952.043946
50 6 -1448.86366
51 6 68.7178903
52 6 0
53 6 0
54 6 0
55 6 316.664503
56 6 -1461.82274
57 6 48.794838
58 6 0
59 6 0
60 6 0
61 6 324.4188
62 6 -1410.91341
63 6 47.6945977
64 6 0
65 6 0
66 6 0
67 6 971.594212
68 6 -1422.66503
69 6 68.6479875
70 6 0
71 6 0
72 6 0
1 7 -17.3953018
2 7 -9.84133512
3 7 0.742696725
4 7 0.427806245
5 7 -10.8953102
6 7 -134.351716
7 7 360
8 7 -8.95117314e-16
9 7 8.32667268e-17
10 7 0
11 7 2483.67358
12 7 3044.87115
13 7 -19.5193369
14 7 4.15973647
15 7 1.30080011
16 7 0
17 7 0
18 7 0
25 7 -20.5043203
26 7 -34.3007747
27 7 1.74060523
28 7 0
29 7 0
30 7 0
31 7 -20.5043203
32 7 -34.3007747
33 7 1.74060523
34 7 0
35 7 0
36 7 0
37 7 -20.5043203
38 7 -34.3007747
39 7 1.74060523
40 7 0
41 7 0
42 7 0
43 7 -20.5043203
44 7 -34.3007747
45 7 1.74060523
46 7 0
47 7 0
48 7 0
49 7 -20.5043203
50 7 -34.3007747
51 7 1.74060523
52 7 0
53 7 0
54 7 0
55 7 -20.5043203
56 7 -34.3007747
57 7 1.74060523
58 7 0
59 7 0
60 7 0
61 7 -20.5043203
62 7 -34.3007747
63 7 1.74060523
64 7 0
65 7 0
66 7 0
67 7 -20.5043203
68 7 -34.3007747
69 7 1.74060523
70 7 0
71 7 0
72 7 0
1 8 9.84272785
2 8 -17.4096497
3 8 -0.157500842
4 8 13.1097649
5 8 6.4770244
6 8 103.320857
7 8 -8.95117314e-16
8 8 360
9 8 -6.9388939e-17
10 8 -2483.67358
11 8 0
12 8 10503.7775
13 8 -4.11994093
14 8 -19.5577982
15 8 0.720150245
16 8 0
17 8 0
18 8 0
25 8 34.3440502
26 8 -20.463113
27 8 1.32182589
28 8 0
29 8 0
30 8 0
31 8 34.3440502
32 8 -20.463113
33 8 1.32182589
34 8 0
35 8 0
36 8 0
37 8 34.3440502
38 8 -20.463113
39 8 1.32182589
40 8 0
41 8 0
42 8 0
43 8 34.3440502
44 8 -20.463113
45 8 1.32182589
46 8 0
47 8 0
48 8 0
49 8 34.3440502
50 8 -20.463113
51 8 1.32182589
52 8 0
53 8 0
54 8 0
55 8 34.3440502
56 8 -20.463113
57 8 1.32182589
58 8 0
59 8 0
60 8 0
61 8 34.3440502
62 8 -20.463113
63 8 1.32182589
64 8 0
65 8 0
66 8 0
67 8 34.3440502
68 8 -20.463113
69 8 1.32182589
70 8 0
71 8 0
72 8 0
1 9 -0.724005418
2 9 -0.228519353
3 9 -19.9855847
4 9 167.946297
5 9 -24.2357031
6 9 -5.80697055
7 9 8.32667268e-17
8 9 -6.9388939e-17
9 9 360
10 9 -3044.87115
11 9 -10503.7775
12 9 0
13 9 -1.42182106
14 9 -0.434881781
15 9 -19.944656
16 9 0
17 9 0
18 9 0
25 9 0.243036266
26 9 -2.17206436
27 9 -39.9402437
28 9 0
29 9 0
30 9 0
31 9 0.243036266
32 9 -2.17206436
33 9 -39.9402437
34 9 0
35 9 0
36 9 0
37 9 0.243036266
38 9 -2.17206436
39 9 -39.9402437
40 9 0
41 9 0
42 9 0
43 9 0.243036266
44 9 -2.17206436
45 9 -39.9402437
46 9 0
47 9 0
48 9 0
49 9 0.243036266
50 9 -2.17206436
51 9 -39.9402437
52 9 0
53 9 0
54 9 0
55 9 0.243036266
56 9 -2.17206436
57 9 -39.9402437
58 9 0
59 9 0
60 9 0
61 9 0.243036266
62 9 -2.17206436
63 9 -39.9402437
64 9 0
65 9 0
66 9 0
67 9 0.243036266
68 9 -2.17206436
69 9 -39.9402437
70 9 0
71 9 0
72 9 0
1 10 0
2 10 0
3 10 0
4 10 -17.3953018
5 10 -9.84133512
6 10 0.742696725
7 10 0
8 10 -2483.67358
9 10 -3044.87115
10 10 87222.2427
11 10 94705.2222
12 10 -83454.3902
13 10 4.09279836
14 10 -32.5595838
15 10 165.53504
16 10 -19.5193369
17 10 4.15973647
18 10 1.30080011
25 10 -562.407261
26 10 331.92402
27 10 -84.1819713
28 10 0
29 10 0
30 10 0
31 10 -513.565041
32 10 318.521897
33 10 227.073737
34 10 0
35 10 0
36 10 0
37 10 12.2990654
38 10 4.90216251
39 10 241.486089
40 10 0
41 10 0
42 10 0
43 10 -13.4467697
44 10 3.75645907
45 10 -84.3772122
46 10 0
47 10 0
48 10 0
49 10 -554.752478
50 10 355.065195
51 10 462.016755
52 10 0
53 10 0
54 10 0
55 10 -534.857798
56 10 360.260128
57 10 798.748559
58 10 0
59 10 0
60 10 0
61 10 -2.03516003
62 10 40.6195864
63 10 776.484919
64 10 0
65 10 0
66 10 0
67 10 -12.9511051
68 10 30.849406
69 10 455.361678
70 10 0
71 10 0
72 10 0
1 11 0
2 11 0
3 11 0
4 11 9.84272785
5 11 -17.4096497
6 11 -0.157500842
7 11 2483.67358
8 11 0
9 11 -10503.7775
